#
#Tue Oct 07 10:49:48 EDT 2014
nbeclipse.toolchain.nbde.rel.309952006.1816463146=2072919654
nbeclipse.toolchain.nbde.rel.309952006.335167512=1488061215
nbeclipse.toolchain.nbde.rel.309952006=1206492830
nbeclipse.toolchain.nbde.rel.309952006.335167512.1992406758=434458322
